0.0 3.0 226802.0 1.0 7.0 3.0 7.0 2.0 2.0 25.0 0.0 0.0 40.0 5.0
0.0 3.0 89814.0 9.0 9.0 1.0 5.0 0.0 4.0 38.0 0.0 0.0 50.0 5.0
0.0 2.0 336951.0 5.0 12.0 1.0 11.0 0.0 4.0 28.0 0.0 0.0 40.0 5.0
0.0 3.0 160323.0 12.0 10.0 1.0 7.0 0.0 2.0 44.0 7688.0 0.0 40.0 5.0
1.0 0.0 103497.0 12.0 10.0 3.0 0.0 2.0 4.0 18.0 0.0 0.0 30.0 5.0
0.0 3.0 198693.0 0.0 6.0 3.0 8.0 1.0 4.0 34.0 0.0 0.0 30.0 5.0
0.0 0.0 227026.0 9.0 9.0 3.0 0.0 3.0 2.0 29.0 0.0 0.0 40.0 5.0
0.0 5.0 104626.0 11.0 15.0 1.0 10.0 0.0 4.0 63.0 3103.0 0.0 32.0 5.0
1.0 3.0 369667.0 12.0 10.0 3.0 8.0 3.0 4.0 24.0 0.0 0.0 40.0 5.0
0.0 3.0 104996.0 3.0 4.0 1.0 3.0 0.0 4.0 55.0 0.0 0.0 10.0 5.0
0.0 3.0 184454.0 9.0 9.0 1.0 7.0 0.0 4.0 65.0 6418.0 0.0 40.0 5.0
0.0 1.0 212465.0 7.0 13.0 1.0 1.0 0.0 4.0 36.0 0.0 0.0 40.0 5.0
1.0 3.0 82091.0 9.0 9.0 3.0 1.0 1.0 4.0 26.0 0.0 0.0 39.0 5.0
0.0 0.0 299831.0 9.0 9.0 1.0 0.0 0.0 4.0 58.0 0.0 0.0 35.0 5.0
0.0 3.0 279724.0 9.0 9.0 1.0 7.0 0.0 4.0 48.0 3103.0 0.0 48.0 5.0
0.0 3.0 346189.0 10.0 14.0 1.0 4.0 0.0 4.0 43.0 0.0 0.0 50.0 5.0
0.0 6.0 444554.0 12.0 10.0 3.0 8.0 2.0 4.0 20.0 0.0 0.0 25.0 5.0
1.0 3.0 128354.0 9.0 9.0 1.0 1.0 4.0 4.0 43.0 0.0 0.0 30.0 5.0
1.0 3.0 60548.0 9.0 9.0 5.0 7.0 3.0 4.0 37.0 0.0 0.0 20.0 5.0
0.0 3.0 85019.0 8.0 16.0 1.0 10.0 0.0 1.0 40.0 0.0 0.0 45.0 0.0
0.0 3.0 107914.0 7.0 13.0 1.0 13.0 0.0 4.0 34.0 0.0 0.0 47.0 5.0
1.0 3.0 238588.0 12.0 10.0 3.0 8.0 2.0 2.0 34.0 0.0 0.0 35.0 5.0
1.0 0.0 132015.0 3.0 4.0 0.0 0.0 1.0 4.0 72.0 0.0 0.0 6.0 5.0
0.0 3.0 220931.0 7.0 13.0 3.0 10.0 1.0 4.0 25.0 0.0 0.0 43.0 4.0
0.0 3.0 205947.0 7.0 13.0 1.0 10.0 0.0 4.0 25.0 0.0 0.0 40.0 5.0
0.0 5.0 432824.0 9.0 9.0 1.0 3.0 0.0 4.0 45.0 7298.0 0.0 90.0 5.0
0.0 3.0 236427.0 9.0 9.0 3.0 1.0 2.0 4.0 22.0 0.0 0.0 20.0 5.0
0.0 3.0 134446.0 9.0 9.0 4.0 7.0 3.0 2.0 23.0 0.0 0.0 54.0 5.0
0.0 3.0 99516.0 9.0 9.0 1.0 3.0 0.0 4.0 54.0 0.0 0.0 35.0 5.0
0.0 5.0 109282.0 12.0 10.0 3.0 10.0 1.0 4.0 32.0 0.0 0.0 60.0 5.0
0.0 6.0 106444.0 12.0 10.0 1.0 4.0 0.0 2.0 46.0 7688.0 0.0 38.0 5.0
1.0 5.0 186651.0 1.0 7.0 5.0 8.0 3.0 4.0 56.0 0.0 0.0 50.0 5.0
0.0 5.0 188274.0 7.0 13.0 3.0 12.0 1.0 4.0 24.0 0.0 0.0 50.0 5.0
0.0 2.0 258120.0 12.0 10.0 1.0 11.0 0.0 4.0 23.0 0.0 0.0 40.0 5.0
1.0 3.0 43311.0 9.0 9.0 0.0 4.0 3.0 4.0 26.0 0.0 0.0 40.0 5.0
0.0 0.0 191846.0 9.0 9.0 1.0 0.0 0.0 4.0 65.0 0.0 0.0 40.0 5.0
0.0 2.0 403681.0 7.0 13.0 1.0 10.0 0.0 4.0 36.0 0.0 0.0 40.0 5.0
0.0 3.0 248446.0 2.0 3.0 3.0 9.0 1.0 4.0 22.0 0.0 0.0 50.0 2.0
0.0 3.0 269430.0 0.0 6.0 3.0 7.0 1.0 4.0 17.0 0.0 0.0 40.0 5.0
0.0 3.0 257509.0 9.0 9.0 3.0 3.0 2.0 4.0 20.0 0.0 0.0 40.0 5.0
0.0 3.0 136384.0 10.0 14.0 1.0 10.0 0.0 4.0 65.0 0.0 0.0 50.0 5.0
0.0 4.0 120277.0 6.0 11.0 1.0 12.0 0.0 4.0 44.0 0.0 0.0 45.0 5.0
0.0 3.0 465326.0 9.0 9.0 1.0 5.0 0.0 4.0 36.0 0.0 0.0 40.0 5.0
0.0 3.0 103634.0 1.0 7.0 1.0 8.0 0.0 4.0 29.0 0.0 0.0 40.0 5.0
0.0 6.0 138371.0 12.0 10.0 3.0 5.0 2.0 4.0 20.0 0.0 0.0 32.0 5.0
1.0 3.0 242832.0 6.0 11.0 1.0 10.0 4.0 4.0 28.0 0.0 0.0 36.0 5.0
0.0 3.0 290208.0 3.0 4.0 1.0 3.0 0.0 4.0 39.0 0.0 0.0 40.0 3.0
0.0 3.0 186272.0 12.0 10.0 1.0 14.0 0.0 4.0 54.0 3908.0 0.0 50.0 5.0
1.0 3.0 201062.0 1.0 7.0 4.0 9.0 1.0 2.0 52.0 0.0 0.0 18.0 5.0
1.0 4.0 131916.0 9.0 9.0 5.0 4.0 1.0 4.0 56.0 0.0 0.0 50.0 5.0
0.0 3.0 54440.0 12.0 10.0 3.0 8.0 2.0 4.0 18.0 0.0 0.0 20.0 5.0
0.0 3.0 280215.0 9.0 9.0 0.0 6.0 2.0 2.0 39.0 0.0 0.0 40.0 5.0
1.0 3.0 214399.0 12.0 10.0 3.0 8.0 2.0 4.0 21.0 0.0 1721.0 24.0 5.0
0.0 3.0 54164.0 9.0 9.0 3.0 8.0 1.0 4.0 22.0 14084.0 0.0 60.0 5.0
0.0 3.0 219446.0 4.0 5.0 2.0 4.0 1.0 4.0 38.0 0.0 0.0 54.0 3.0
1.0 3.0 110677.0 12.0 10.0 3.0 1.0 2.0 4.0 21.0 0.0 0.0 40.0 5.0
0.0 3.0 145985.0 9.0 9.0 1.0 3.0 0.0 4.0 63.0 0.0 0.0 40.0 5.0
0.0 2.0 382078.0 7.0 13.0 1.0 4.0 0.0 4.0 34.0 3103.0 0.0 50.0 5.0
0.0 4.0 170721.0 9.0 9.0 1.0 4.0 0.0 4.0 42.0 5178.0 0.0 50.0 5.0
0.0 3.0 269705.0 9.0 9.0 1.0 6.0 0.0 4.0 33.0 0.0 0.0 40.0 5.0
1.0 3.0 101135.0 7.0 13.0 3.0 4.0 1.0 4.0 30.0 0.0 0.0 50.0 5.0
0.0 3.0 118429.0 12.0 10.0 0.0 12.0 1.0 4.0 39.0 0.0 0.0 40.0 5.0
1.0 3.0 31208.0 10.0 14.0 3.0 4.0 1.0 4.0 26.0 0.0 0.0 40.0 5.0
1.0 3.0 281384.0 9.0 9.0 3.0 7.0 2.0 4.0 33.0 0.0 0.0 40.0 5.0
1.0 2.0 171807.0 9.0 9.0 0.0 1.0 1.0 4.0 47.0 0.0 0.0 40.0 5.0
1.0 3.0 109912.0 7.0 13.0 3.0 8.0 1.0 4.0 41.0 0.0 0.0 40.0 0.0
0.0 4.0 445382.0 5.0 12.0 1.0 3.0 0.0 4.0 41.0 15024.0 0.0 60.0 5.0
0.0 3.0 105460.0 12.0 10.0 3.0 8.0 2.0 4.0 19.0 0.0 0.0 20.0 5.0
0.0 3.0 170338.0 9.0 9.0 4.0 14.0 1.0 4.0 46.0 0.0 0.0 40.0 5.0
0.0 3.0 102606.0 9.0 9.0 1.0 12.0 0.0 4.0 43.0 0.0 0.0 48.0 5.0
0.0 3.0 323887.0 12.0 10.0 1.0 4.0 0.0 4.0 55.0 15024.0 0.0 45.0 5.0
0.0 3.0 175622.0 6.0 11.0 1.0 13.0 0.0 4.0 46.0 0.0 0.0 40.0 5.0
0.0 3.0 229636.0 9.0 9.0 1.0 7.0 0.0 4.0 30.0 0.0 0.0 40.0 3.0
1.0 3.0 388946.0 12.0 10.0 4.0 6.0 1.0 4.0 21.0 0.0 0.0 40.0 5.0
0.0 3.0 269034.0 12.0 10.0 1.0 3.0 0.0 3.0 46.0 0.0 0.0 40.0 1.0
0.0 0.0 165361.0 0.0 6.0 3.0 0.0 2.0 4.0 17.0 0.0 0.0 40.0 5.0
0.0 3.0 75012.0 9.0 9.0 1.0 7.0 0.0 4.0 41.0 0.0 0.0 50.0 5.0
0.0 4.0 174379.0 9.0 9.0 1.0 12.0 0.0 4.0 69.0 0.0 0.0 30.0 5.0
0.0 3.0 312477.0 9.0 9.0 1.0 14.0 0.0 4.0 50.0 0.0 0.0 40.0 5.0
1.0 3.0 72055.0 12.0 10.0 3.0 1.0 1.0 4.0 20.0 0.0 0.0 40.0 5.0
0.0 4.0 67001.0 12.0 10.0 1.0 7.0 0.0 4.0 45.0 0.0 0.0 50.0 5.0
0.0 3.0 213734.0 7.0 13.0 3.0 4.0 1.0 4.0 23.0 0.0 0.0 40.0 5.0
0.0 3.0 83141.0 12.0 10.0 4.0 8.0 1.0 4.0 24.0 0.0 1876.0 40.0 5.0
0.0 4.0 223881.0 9.0 9.0 1.0 3.0 0.0 4.0 44.0 99999.0 0.0 50.0 0.0
0.0 5.0 113752.0 12.0 10.0 1.0 3.0 0.0 4.0 31.0 0.0 0.0 50.0 5.0
1.0 3.0 170482.0 9.0 9.0 4.0 7.0 1.0 4.0 43.0 0.0 0.0 44.0 5.0
1.0 1.0 244689.0 1.0 7.0 3.0 8.0 2.0 4.0 20.0 0.0 0.0 10.0 5.0
0.0 3.0 160631.0 9.0 9.0 1.0 12.0 0.0 4.0 55.0 0.0 0.0 56.0 5.0
0.0 1.0 228724.0 12.0 10.0 3.0 2.0 1.0 4.0 24.0 0.0 0.0 40.0 5.0
1.0 0.0 38434.0 10.0 14.0 1.0 0.0 4.0 4.0 41.0 7688.0 0.0 10.0 5.0
1.0 3.0 292946.0 7.0 13.0 3.0 4.0 1.0 4.0 59.0 0.0 0.0 25.0 5.0
0.0 1.0 77443.0 3.0 4.0 3.0 8.0 1.0 2.0 49.0 0.0 0.0 20.0 5.0
1.0 3.0 176410.0 10.0 14.0 1.0 10.0 4.0 4.0 33.0 5178.0 0.0 10.0 5.0
0.0 1.0 98984.0 7.0 13.0 0.0 1.0 1.0 4.0 59.0 0.0 0.0 40.0 5.0
0.0 3.0 198751.0 10.0 14.0 3.0 8.0 1.0 0.0 34.0 0.0 0.0 40.0 5.0
0.0 3.0 479296.0 9.0 9.0 3.0 6.0 2.0 4.0 20.0 0.0 0.0 40.0 5.0
1.0 3.0 235218.0 7.0 13.0 3.0 4.0 2.0 4.0 25.0 0.0 0.0 40.0 5.0
0.0 3.0 164877.0 0.0 6.0 1.0 5.0 0.0 4.0 49.0 0.0 0.0 40.0 5.0
0.0 3.0 272087.0 9.0 9.0 1.0 14.0 0.0 4.0 59.0 0.0 0.0 40.0 5.0
1.0 3.0 169699.0 9.0 9.0 3.0 1.0 1.0 4.0 20.0 0.0 0.0 40.0 5.0
